0.459286026940573 0.347495139883685 -0.543265401952728 -0.283826615248157
-1.36857812886199 0.540683070064052 -0.99095919847092 0.506399725650485
-0.945445461123429 0.221625981875047 0.0454572569612322 0.907510468635216
-0.348992571780402 -1.46368076605041 -0.240411088319103 -0.080416182517626
1.11577601802384 0.576570883061307 -0.557415200619475 -0.884863255035303
-0.113950204386577 -1.89914470003998 -0.0585812086303153 -1.19903097242354
-0.114124663565954 1.27051721881114 -0.11030449357018 -0.845846774305416
0.013190914132718 1.302192791674 -0.684622687501052 -1.95934737162197
0.934291786305718 1.47804787438853 -2.22924838804045 1.19888316882557
1.29161578996768 -0.102192861696227 1.47616406800209 0.133704027209802
0.454095604962227 1.36384466198736 0.578864866515824 -1.82744933584737
2.40699516379054 0.718252336810521 0.497300364446234 0.954362832036632
-0.336226298521353 -1.39074831948387 -0.405957804198143 -0.549637916388332
0.618484910908501 -0.0383636021915048 -0.567438277045259 0.831346148883682
-0.552103862045864 -0.156605293243565 -0.505956576163452 -0.326541351184546
0.331896253161709 -0.633095635869641 1.47325145995548 1.97438663816618
1.41549617245375 -0.375214558658639 1.10970856385233 0.362349876902296
-1.28454191018664 0.549639302683784 -0.250163593407694 -0.799928991403839
0.282350983621914 0.738687969521212 1.41759055871485 -1.15211719772204
0.162995943242878 -0.246527869630623 0.262641772372278 0.000870766014254849
2.6421484201613 0.0372217034629772 -0.239092261909532 -0.124391052539293
-1.7368473095542 -1.21894864124835 1.31753153404605 -0.427243481839226
0.0838807953819704 1.66211701019365 -0.885489701053499 -0.366025984609414
0.444174791999024 -1.43593973165705 0.866398966042397 -0.517682149458927
0.615723307658345 0.909955695029035 1.37340181152265 1.75188229922684
-0.198465712559245 -0.971194818702443 0.261628732910265 0.487684357314282
-1.42424420542405 0.883062392347412 0.53930766426559 0.0356764232082412
1.14847225393241 -2.02126371961554 -1.07395108065432 0.885837600491769
0.145285929760599 0.445613408031268 0.0580999412974523 0.83119556895592
0.152195056114312 0.484994857047797 0.104734912535608 0.969772991051091
-0.618919068282784 0.58334566249796 -1.14101175413018 0.27362431014153
0.295152632108339 0.0355625305252421 -0.948771096348456 0.118163678049106
-0.0471175692924364 1.39580025268637 0.173577371920512 0.727584277322353
0.600128156626354 -1.91589516764296 0.113489570263595 0.771590849498261
0.0927842602515478 -0.805776089923922 0.511413659094604 -0.256703292514438
0.518282173758569 -0.505724467714697 -0.427909577012611 -0.394176171496087
-0.68386696264599 -0.525715481846193 -0.975571314106498 1.02547644159496
1.46497216985054 1.33198271186218 1.31948424703513 0.907541839458537
-0.66934689914674 -0.101836192523938 -0.0308012181727064 -1.56674267247253
-0.0257655970823577 -1.13643959813856 1.44836750536059 1.56220213011304
0.634336985161587 -0.119621127202107 0.405423898722313 -0.414872933271208
0.381850205559421 0.873199871607848 0.0479991191316328 -0.121562831512094
-0.831566888960861 0.0316274918724356 -1.74445673716672 0.391229111282941
2.01988872735027 -0.313742754861103 -0.969549372922559 0.179843619550061
0.827999088847192 0.454374526733371 0.699543316303386 1.01741839158459
0.436401685810357 2.04927122470645 -0.246851686995623 -1.76411155881981
0.192417817458731 -1.0853660296466 -0.302806877960318 -1.91890992010573
-0.188864965356072 -1.11772414288421 -1.70897250271894 1.69634291896232
-0.183318077823097 -0.930203457993685 -0.936156061541476 -1.41383344177976
-0.852992896660003 1.4566115706587 1.46487240036717 -0.441586972254518
-0.815619784110125 1.85007883712056 -0.755276571839742 0.348899927318156
-0.432222977490893 -0.166334873288561 1.10936519129339 0.454172296550686
-0.0292915863931623 1.45924101908517 0.303001317026556 0.684556851993609
0.636728017089574 -0.799407138684776 -0.265443890929759 0.403652343388227
-1.54956147262733 -1.00066708285909 -0.710533791987357 -0.803152712010385
0.563561443840413 0.894567389990707 0.550294406280966 1.05867738309005
0.618136811304723 -0.114305786222386 1.24189354031773 -0.271698054959336
-0.0687565083086488 1.80046723804017 -0.134311606546213 0.460286076975535
0.415453230297426 1.51852386566042 -0.860995395218468 -0.50670664177428
0.734219843741129 0.175150699055179 -1.02332626593678 -1.721426648519
1.89980259162759 -1.21606083615238 1.80916745302051 -0.473794474669145
0.659780427068394 0.484857476530355 -0.698708679442962 -2.0942851095801
-0.193878673198027 0.395181091192337 2.96697528484997 -0.997600336270144
-0.564315904450261 0.128334289584533 0.398400398635645 1.1422703277147
-0.0868270442484727 1.69193805481934 -0.531151244119352 -0.679589054480638
0.417543493115186 0.0892057559145354 0.48893178477746 -0.525556544561465
1.61703413110251 -0.859100911595756 -0.482107128801968 1.56062501449489
1.43608333152251 -1.35828190269084 1.3243841939508 2.26889426591114
1.23437636194682 -0.440001415905321 1.43809820338928 -1.47719569243318
0.617335417708256 -1.70146726246427 0.599287492723308 -0.540917645982549
-0.162043181232106 -0.374794756114948 -0.895434375088321 -0.266945557185096
1.75821505694154 1.32308966710088 1.70667994216112 0.611724634497857
0.539069321520888 0.539394691612633 -1.39081738462039 1.28918167265
-0.457830074929114 -1.64575970074337 0.475910836525219 0.800256520679222
-0.116655234977008 -0.194550386676991 2.20559346450883 -1.26439805259719
1.45907160501501 1.05932595371507 0.163340007285889 -0.0643780186651591
-1.32982605541356 -1.91334186848819 0.81874019501575 0.666126528519395
0.957431100538457 0.286102543077465 -1.91222927751365 1.43623596730632
-0.102124667517612 0.323158741695255 0.46183873268546 1.72456849702101
-0.362146395853671 -2.14415140013037 0.490041767508055 0.555745372967414
-0.585831176637426 -0.633056572920509 -0.0482355244019076 -0.483384962754249
-1.34851062551212 -0.786767991776432 -1.42548069713518 0.639332167136421
-1.63260629235144 -0.531038535841638 -0.649479550972469 -0.461702631826811
1.48956187847001 0.983543936269728 0.665372233404251 -2.58993977453021
-0.436626992553865 -0.840175653181387 -1.17367996117322 1.68667887287677
1.27922651897459 -1.01343025467823 -0.123692752090233 0.121157585515724
-0.395929777661177 0.64779140890215 0.645569298631365 1.13757872255509
0.660534368983604 -0.145116724227321 -0.847017412033463 -1.35757270742628
-1.63018926045056 0.401384604977823 0.0040864971751759 0.106776508918173
1.02807077241725 -0.897350410691142 -0.120691861625321 0.360160491500301
-0.692612922773551 0.109972944363362 0.227655714492656 -2.34300720377508
0.00470313423049081 1.93174720856794 -1.2044716144979 0.174522730711011
0.906524640058833 -0.387050469158786 -0.958262245448826 1.45877751492642
-0.0987137018385474 -1.98276018335506 1.89335860838932 -1.23714646658255
2.30336613409215 -0.241458750921757 0.130621671679066 -0.68013141229977
-0.428994064823927 0.105938920518879 0.154324105411118 -0.148643252168988
0.648087276316338 1.5633152324486 -1.88398468642361 0.265560035408071
-1.21389722865931 -0.391434394597123 -0.420885952588249 -1.6230180428946
-0.0486755145567344 -2.26461940153359 0.548784656474905 -1.55105200903159
-0.254842016366979 -0.710175568588149 -2.31323876039437 1.15711408013883
-1.125698331204 0.134127306517937 -0.281500613944395 -0.435877100213099
1.20082103374656 -0.365501158834719 0.0158065438534159 0.616192139466509
0.257064123135751 -0.37185113389762 -0.439401012142079 -1.11359772668057
-0.98873885391023 0.644610871762141 0.164677863297121 -0.568562887030224
1.20988712828439 -0.960196459284463 1.07514440066113 1.22735375342268
-1.77191941065745 0.358505329211334 -0.5744457583252 -0.0379055541500251
-0.885572155476603 -1.30616100577169 -1.45978697645604 -0.212274085349146
1.83008354310511 -0.922237254312786 -0.49384294857876 -0.265756765766249
1.75638339571262 1.84629397147389 0.885453360241633 0.638786004314609
1.30559283675375 -0.305589517896983 0.176351776036405 0.0459369232214176
-0.565484253687966 -0.123830047640221 1.96144204856999 -1.40494575238432
0.514095744189412 -1.61390545898747 1.47103800847648 -0.985029879819896
1.09895837498857 1.09535973525183 -0.439686523478667 0.487531888817689
2.56838652577708 0.986572481827404 -0.726084773484455 -0.583331474698317
-0.503229091171028 -0.242471941555949 0.139543816370938 -0.945951492545774
-1.25854595172774 0.410320632660262 0.42905465969654 0.192698018835353
1.11940219986868 -1.16273517957319 1.75252122041047 -3.18453169161
0.174742473074322 -0.659437135717283 -2.36685992046801 1.94879304471843
0.87881706721236 0.430556428738426 -1.10324240582556 -0.382247212763755
-0.598721389806617 -0.655826360250856 0.345735463299185 -0.666475536126673
1.62568844762956 -0.459283196299717 -1.26228252120091 0.107650173631511
-1.14121066835365 1.2891048064098 0.0109712616630135 -0.240659701867512
0.0445274110187237 -0.879190809797983 -1.45523468180721 1.22029582342376
-1.27599419215895 0.928543363353698 1.82535734975325 -0.830367946382873
0.807946803433854 1.00685177397868 0.712083168867897 -2.0203643649988
-2.71292714332697 0.250711632826416 -0.270309018468916 0.0228973999077212
-1.28268592717056 -0.956441633402356 -1.35680026250612 -0.209873286958849
-0.123377004180424 -0.603546800591071 -0.12661553542412 -0.217510755116964
1.21334331776482 0.144740088095056 0.0303439916735816 1.0192439147021
0.167585811998394 -0.499446063694489 -0.555576984112452 -0.567055503122309
1.66016328753876 0.887511812712777 0.532362991971016 -0.671350519294993
0.538502977854152 -0.354374543954747 0.382114635570826 0.583163785341829
-1.26773181037752 -0.67467811470351 -0.819200342782167 -0.600286534946857
-0.292387032789867 0.786507250806067 1.16828456768234 -1.01404022820359
0.351067669501946 0.202570295861914 -1.56680446931618 2.11174607300601
0.760971483100298 0.550291017056231 -0.468681467863108 -0.249636525291223
-0.0337784554018606 1.09282482611384 0.153488245104202 -0.281398068054316
1.11206735131459 0.700360187478625 -0.878957222433352 0.341697911226699
2.34809778752994 -0.473504234264519 -0.181955433131135 0.0817123178829565
0.473290810162625 0.939194050080007 1.42985121253373 -1.67666216935345
0.565251912924912 -0.357857399445239 -0.964863989418108 1.62248325763244
1.56719053240715 -0.157490824251575 0.478127083005729 0.631267095804671
1.30516678108246 1.40808481367763 0.476999202846978 1.14691285855876
1.02857725827214 -1.35274914343371 -0.919533859682156 -0.287854555823435
0.282471423267212 -2.39051877148837 -2.19271336501023 -0.525364369205685
-1.27504027994742 0.0535678099544958 -0.21448455361445 -0.223251975773735
1.57075188745604 -1.09928827616546 -0.29534035253955 -0.3843426486591
1.90783758518055 -0.110037891760023 -0.0067342326824136 0.341234245530658
1.30809194993951 -1.43552813378818 -1.00101603659234 -0.0491697527401524
0.278363053764186 0.798990864344936 -1.29281622498976 0.831552633276816
-0.0677727846071354 1.57161882492941 0.126232351000577 0.422224884957097
-1.51823826089759 -0.700656795855489 2.40037518323752 -0.433562972998381
-0.799150173303623 -0.935066442564219 -1.19138263735571 0.342198613629045
-0.632040666555223 -0.280054668276827 0.999347393635633 0.785891247874614
0.39604508655526 0.0208031803290345 1.10531858325653 -0.156052191937705
-0.144715126422796 0.715489305676088 0.692348360987919 -1.87132151760257
0.688861317319707 -0.873969873155094 -0.303188765222592 2.35886367967147
0.416763476067186 1.42887935824621 0.787737655110199 0.931710310903586
1.10599061506289 -1.38638587283049 0.126926698385708 0.731576231199845
0.664406313264702 0.753126371765761 0.650947097656398 -1.09007764071201
-0.600629829638407 0.0325223268184134 0.166499138949855 -0.475620190331939
0.51179974694386 -0.482366092898107 -0.573363933536178 -0.746077629828569
-0.178472484074188 0.733005842662614 1.13145989476423 0.914657744306062
0.433724598066814 0.167351318677775 -0.680739392122382 -0.898559711910038
-1.69591878509099 0.975088238950835 0.953984991157082 0.540202095231592
0.846163534788586 0.187307420877653 0.197805394720438 -0.109907528799916
0.090954108223229 -0.19809922583564 0.578737590648874 0.998555123857924
1.18727640192558 -0.944437258723674 -0.00565606491435121 1.17978251390582
-0.242644874398958 0.95006394357633 0.216690084738733 -1.00989063152608
-0.858308639705481 -0.67610972682393 1.46322379290958 0.0502380226201379
0.716494898895056 0.634186103109732 -0.121276849697213 1.30274213846588
-1.88531429204043 -0.112901896514014 -1.31364746260296 -0.630363818042861
-0.0489017096436534 -0.00236895006267808 0.120729392903145 -0.494953757563101
0.944269807235352 0.0969381323974203 -0.109312390325699 0.838806177963772
1.12993436330312 0.406512374598511 0.456041047797771 1.195482395258
1.05926479257075 0.117559479919237 0.148746672288504 0.17653116477263
-0.411464618745713 -1.02175603770391 -0.115639191439658 1.26999472987169
0.684979469022403 -0.259932009865895 -0.439659536847638 -0.769315234607075
-1.75214329399712 -1.12189634609596 -1.28674615634535 0.496496707127131
0.127068075895197 -0.88793572161522 1.58502130540164 1.09748338159309
0.0817410940623074 1.26176875328144 -0.142730024277748 1.43156949360891
1.07588202007864 -2.45470660185586 -0.601683751876603 1.05250221112336
1.34350704013277 -0.422109122257139 1.11104457431101 0.0586437428206702
0.89260590038368 -0.303821241648585 -1.53520876678402 -0.2724101036257
-0.0932299161704962 -0.651904253258428 0.159130504173789 -0.307383685418758
0.32608637961704 0.240297482465734 1.54213930562011 0.208495635447642
-0.485413216485869 0.763897137141413 -1.69908535696503 -0.402733888429527
-0.204778365842513 -0.405473712038128 1.47694363541108 0.146031366080726
-0.335902607180547 0.385745659014445 -1.69826848126402 1.26065524208859
0.829649123358808 -2.19374936761498 -1.72340681131371 0.891685414458547
-1.18494658678191 0.667527963016676 -0.036128431777352 0.329893093525204
-1.10310233664672 0.928218348284764 0.425310608113203 0.651115966854708
0.00195823649229934 -0.404404357848858 2.53912263144172 1.21778856678244
-0.767577514698028 0.0240898931609598 -0.365410229136229 -0.622458981322783
-1.29527532676344 -0.8321529193758 -0.152562944757813 1.90143685816163
-0.425360077400295 0.674015159776926 0.225350232867703 -0.0524960310126609
-0.473912142774228 0.270674418824397 0.812615520429164 -1.00302003459306
-0.389645696045508 -2.0907067747543 0.272387646891916 0.901514570193199
-1.46098958763152 -1.06520186197615 -1.86846339938081 1.44046091956601
-0.965074923952298 0.178902443432855 2.48032894576061 -1.15476066420367
-1.5038627320557 0.256715449453874 -0.00877125612488212 1.08237225184834
0.177913576057524 1.42262685718799 0.0286924914909813 -0.973788240941702
3.0439596178344 -0.76719343363579 -0.220616287243562 0.437891205319695
0.617862715844309 0.682462299357286 -0.683340668059681 0.519987378292766
0.752657219894417 0.504140516983012 -0.425741700770154 -0.235278413279944
-1.83672149090241 2.08380555220186 -0.277672535090504 -1.13697620550052
-0.667142344471095 -0.656592224954839 0.627684383841922 -0.139953112556942
-1.4325436822086 -0.127599280624392 -0.320720118610141 -1.53777766050906
0.716941597820266 -0.756111843570613 -2.47516155616613 0.35856335363752
0.920702475962752 1.24858832235385 0.740193843500174 0.881096576968175
0.274121644810157 -0.986756088904393 1.0288479845913 -1.31133237145768
-0.350772296887578 -1.28033940538688 -0.249643975937007 2.15422378717115
0.211495470238263 -0.235003957799231 0.696438075692576 0.659757099176108
0.673115119730452 -0.0584855841159226 0.926133442409745 -0.145203123126401
0.498768914068355 1.29117230497523 0.28985018030852 -0.663590433303258
0.949700960639524 -0.192356614070474 -1.55904727938852 -0.392070789628935
-0.661429069629324 -0.746521835432602 -0.34451738046774 -0.28540242413694
1.16798761894895 1.36116186290668 -0.188062437215358 0.906074887108131
0.567908137063343 1.18586384012934 0.112873164902237 1.58451431613578
0.0416352575178131 1.96524049414141 0.761432454870627 -0.719088903227522
-0.611681378757569 -0.0213126528351198 0.727400194739187 -0.0358545600171599
-1.33001434001068 -2.14115764789047 0.496445344114567 -0.754762003899492
-0.245079531808022 0.952138337018405 0.122750907454952 0.421740655725532
-0.719330848302184 -1.65258816923584 0.236589546445001 -0.487500251559157
-0.0326017289656573 -0.187412323322053 -0.327919169644355 0.412403967666825
0.0399046291376005 0.072587809748551 -1.16941724005202 -0.914677894329858
0.958994405644923 0.0916567329143387 0.547499451775098 -0.10029099684109
-1.32047078619138 -1.10518126141985 -0.462124057156514 -1.33232008983234
-1.14561283962749 -0.0776615013930502 -1.46056004604532 0.441259659762046
-2.77123773352768 1.42683865215554 -0.294245820802385 0.071279321852517
-0.28131646295852 1.37554918282862 0.75579260552282 0.304432285270883
0.798769302254462 0.119588482804539 -0.691786027819268 -0.82360687511762
0.80761913648043 0.434852183304043 0.301247707036041 -1.21539389199207
-1.48716952307292 -0.895402081329854 0.776339795534276 1.44725375554712
0.172320802422797 0.904556858046367 -0.588760878956887 0.528003750530211
-0.197619564270935 -0.280281666852934 1.52220437910472 0.317194692289676
0.161391850951108 0.589447946307014 1.76078105152736 -0.781075556094657
3.05732260040783 0.97384756441302 0.0804218737580717 0.0300135195278243
-1.03265786730009 0.61293967684208 -0.042315647070159 1.2831190881544
-0.514234376303218 0.947337637159836 0.33365047529171 1.07742195879993
-0.794399937569308 -0.0334008964940781 1.37301988873043 -1.40990192897177
-0.230994797334197 -2.24020042389874 1.9643670503974 1.58625853044432
-0.360329385930799 1.31163375781433 -0.547849268646729 0.0801639816292389
1.06277198329792 0.624178078956467 -0.903387028529518 0.182373252203082
0.458274872652794 1.0921117284308 -0.976645766024915 2.05130996935491
-1.14448190521353 -1.20146182950327 0.550475466033735 -1.45246987319309
-1.1343913099374 0.146819886872962 0.655809908253651 0.56207598949399
-0.270788755928923 0.548482575814034 -1.01484739750125 0.390594535099784
1.29563138990814 -0.182522691966916 -1.49634576759804 -1.20196296636114
-0.15895373736092 2.16844402301058 0.541182663453517 -0.57509393531443
4.31861992868753 4.51307411169957 6.03158581095583 5.38554049082495
5.21595223553362 4.56797995797095 5.3711214231257 6.158227254449
4.20820632949965 4.70135931457731 5.93331984653627 5.18549448698745
3.82351486826403 6.7678824343894 5.72248777788689 6.4215352961399
5.01773800883941 3.36858425436028 4.94785288561556 2.84497091859445
8.20737871219426 4.8399129364516 5.5416857871767 5.54875598089644
4.83884464434964 5.39255387177731 6.77729611851148 4.68138156010093
4.55025783039738 5.03730441942726 4.49284182632705 6.50446730860399
4.61643363717349 4.41692377126797 4.90724604332428 5.18905973516744
2.58159678374601 5.23703686947894 3.93647390769084 4.27628257535
4.78313394865161 4.02622681215307 3.97947459929669 4.47292771448974
4.78668816826255 4.71101204867236 2.91290380990314 2.50225334135407
5.42050654398696 2.77101961436443 4.66053904399456 5.57655375332414
5.641973188376 5.83989751473592 6.32730912363979 2.73846957861308
5.22182023769116 4.8794856319473 4.84431360844913 5.81707125513472
3.73266015593385 5.43070684595824 4.44677871289282 5.23112572667392
5.35225641463441 6.11913623172494 5.05521773278668 6.41694327495803
3.91475352220975 6.24597341104047 5.68400976554044 6.16600613519161
4.44001525934675 5.52390017456727 4.89756935184181 4.59681187018033
4.55960299597169 5.04999008873007 4.26000136973157 6.10438864361251
4.13305985086746 1.79413169458487 5.19870599538553 5.31703314336946
4.56075317632847 4.71171412594523 4.81641932256989 5.22069752984884
4.66029265949267 6.37021606612087 5.31329885839792 5.04768157986239
3.9874534437398 5.38142829466282 4.68913455096482 3.12388367586474
5.16626714706327 5.05926821972181 5.08678955302199 4.61847041941905
5.20803476589229 6.02559735927948 5.20344574356841 5.72450386360362
2.78776822514757 5.17052382428283 3.92465245102595 5.43266845944878
7.42133592809197 5.65497165357153 3.92164981660428 2.90428758308539
3.72848466243825 4.65580914827684 5.54676208838899 5.63262148923779
7.82610497370441 5.42988041473623 5.39774982256223 6.61365094074992
5.36676164937452 5.25112578631705 5.33005541005075 6.19594842226529
5.27372912756144 6.22170217561122 5.61098936928023 6.08210368096506
4.22391551399902 6.63210696353315 6.47236597327307 2.24059123499281
4.85145962230799 5.08056284764387 4.32161277220923 5.96214665237622
4.5434476457063 5.22273689220041 4.81411001843111 4.46064056976766
4.29866631746666 3.53649137370346 3.13565483989342 5.65001303179952
5.85292631955672 4.9266151568574 4.61982796697185 4.37785150432459
3.74281806837729 3.87945533869427 4.49245671427459 4.30858947716158
5.29014168325728 5.13886900961661 3.71887260615938 6.38544510329286
5.20810121518845 6.8808889494038 3.12955064950376 4.60218773759273
4.4267662978428 4.79953072398834 6.2311743540607 6.02594520232297
4.81032757152141 3.9339222123481 6.2214443840421 5.37676124556518
5.51178292505609 4.79658671395916 6.14847287173146 5.99031267399913
5.29725073604705 6.73396284712372 4.95633715707975 4.38811511530241
3.95188063382391 5.19335267240313 4.45569657526299 4.14279844201971
5.16451662940484 4.21394864622639 5.90858081301953 6.3139533063699
5.98854533144536 7.0733614975059 3.66349609877566 4.98555563893519
6.71652679047519 5.70245500871376 4.50360741298025 3.54643733074994
3.87642381744042 5.42724047657209 6.41863590935764 4.35030292890097
4.39753942858072 5.6894049302362 3.82966550714744 5.96516582154448
7.79260480149875 5.37261218506542 5.55517462966247 4.59644057169039
6.96717121181327 2.89921324522738 6.0252096605825 4.64564576419039
5.43412029364366 5.6071414425386 6.29961390694507 5.28094889966115
5.1440097759605 3.5984846616207 3.82181392604506 3.57725998919109
4.76934623311091 6.24877805344955 2.97266354805709 5.56955216099158
4.94609175872365 4.05163705386979 5.43926530948368 3.66884473404158
4.75838153254613 5.45963973543538 4.18415534094977 4.8579273940694
3.6977622715865 4.31623457629695 6.60999965570681 4.56004510398067
6.06150798670891 4.7542287047429 4.28523022727426 4.28823726555953
3.53483308208442 5.90905505500609 4.21803285638821 4.54710837429388
6.13791922344325 6.16855504436372 5.45260964684538 4.5032224065996
3.72854924506405 3.87202821369776 5.89568466841997 7.26444982911233
4.81054715385199 6.04680144142437 4.35030486996965 4.91152498225983
5.77932024465818 5.29483531662167 5.30045196768162 6.01218795935777
5.77798833281914 5.40129440893501 5.7872201071785 4.60507507727272
5.69837088635972 5.44793689723819 4.54855043963652 5.56580620060866
6.58583718549829 4.45344647023525 5.30172284688478 5.89343282039371
4.66470979223385 4.30148960468845 5.45808453590286 5.07719566709409
5.47041303099063 6.72791489376851 5.8767010215009 4.709541536198
4.58852234863736 6.64141811389731 5.56566532523129 4.77758200669967
4.71208902114534 5.17199392375047 5.77146539560766 6.62649712138519
3.02790654662959 4.35799749043237 5.24219926109883 5.3282220477114
5.14807115843188 4.59010912772621 4.68952081964527 6.44065499489385
5.56600096002237 4.99279331242632 3.92859594815323 4.24570688750451
2.99896042175565 7.19060607108944 5.30320117351073 5.18984273019729
4.29804846321744 4.62287917583638 7.15343993090564 5.94152638253264
4.71769740226801 3.43329924988988 3.33695069405915 5.6375724770506
5.07691198782543 4.03970895140036 5.75249919997492 5.09240172198208
3.6845933874968 5.07738916368131 4.45389989451418 5.57376693961742
5.77996235354163 5.51782149395425 5.35975216119539 4.19650875212246
4.42016823917619 4.5057998456513 5.12660280684966 5.47889183420391
4.62104000164884 4.15051166906199 4.77009110093108 5.15529145706362
5.14552352790802 6.17835321454575 6.61972368518475 5.89025803464729
6.7617908787946 5.01791383976127 3.82814414064133 5.69400677940293
4.54141010454267 4.58128490932728 4.56354654897848 4.6443764712786
5.4461963063647 2.70933185184587 5.27424261280019 6.90918303548417
5.26655989782432 3.81025092382109 4.9045054217843 5.59193935283448
6.51888700750237 4.45537781023556 4.0250261348607 4.00459089210377
4.36029315315458 4.77657190785587 6.69087475711607 5.89422441444664
6.92557905810336 4.30975839848251 5.99832172966973 7.23693975921138
6.37414187115222 5.07696203114845 6.46936691330247 5.64698622868694
6.41620731755696 4.98454472224307 4.55418108823636 6.07046040047
5.03760682627192 4.87927529547323 4.58354145325601 5.44165717383162
5.52739796908025 4.68589874253635 3.70349513368468 3.99994986029274
5.94699622639342 5.03653466631498 4.35623960277649 5.57497542256662
4.42413306817647 6.38191073918018 5.41572144646057 4.90404559856703
3.8167764180864 5.11978905989773 6.1308251823667 6.10143539408491
5.116979183071 4.77259603807434 5.68923888649653 6.19533069732481
3.88325436173577 3.26040621264025 5.14962511863909 3.34205053823317
5.4061714676367 4.81429449330735 4.60008100570786 4.26304087524869
3.45514823363952 6.95792397160951 5.94187984669246 6.24514059887778
4.89959725772763 5.90529640525892 3.3332013672646 5.26372962358175
3.94844636617022 4.92950061684875 3.53883529484698 5.53546456499204
6.37159319513422 4.91407364404116 4.72347749041682 4.62967502668445
3.63230089279592 6.27139355062534 4.51432523889459 4.96745885769688
3.55260053830982 5.8247835761802 4.07332338616864 3.57412742603034
3.95450118508842 5.40629375278269 4.94893845642029 4.8888633741834
4.34108576419452 4.06240520234623 5.39515479414676 5.54033895790523
6.08607140307619 2.73831935389392 4.18183168624089 6.22915430534326
5.16960307151092 5.99874391741131 5.15948059524789 7.30310536135205
5.54786909273056 4.12503218572692 5.49057096680731 5.13685909423781
6.98045257904959 4.28481540397413 5.62487290913963 3.31857336337249
3.81333257149085 4.51028627175411 4.54142943086766 3.84640829973344
4.55847314828233 5.54563693149227 6.4473564286826 4.86116585632812
4.10407635345473 7.10506957137206 4.07185668861298 3.79479410034613
5.23755002504491 5.71655385034906 4.75503954546241 4.08682836223934
3.50443055356212 4.91031789253575 3.94002862554181 7.79118991375866
5.52426666803923 5.21577665343518 5.44898373379321 3.62385234871919
6.44465124875003 6.46446564416833 3.81872713154006 4.68580019124513
4.1289599900965 4.51721099877591 5.92073162202943 6.35814846624228
6.83608512006569 4.92478435413812 7.31739307527633 4.65803487900258
4.19094825127743 5.31280009073313 5.73416465150773 6.27341201257238
4.60800908567974 7.4318826312853 4.4735975400521 5.09928057547591
3.50666255795981 6.02901582789487 3.84216877005744 4.24595735482885
5.61365280324968 4.88979415517493 5.03142286097298 3.64340051754503
4.41141423229141 5.41072238770521 4.81999991442548 4.81972949088474
3.99788532492383 4.14499384813621 6.9897542672356 4.99550684989335
5.76616931283907 4.55371913136467 4.15569531052165 5.19755638316849
3.46422857408575 5.07939966715703 6.0347973484659 4.87955581132196
6.08353547814592 4.8704170993031 4.85189538717622 5.43810406209359
4.10188043598122 5.52184507530309 5.37747972561287 5.777426194137
6.79290614049298 2.91742503797856 5.90349625889215 5.15141619142934
3.63025021952954 5.70218735737441 7.5931458352952 4.30965170583897
5.97546575970093 4.48143584852619 5.58033456673018 4.84671874639093
6.53714068029658 4.94722169518029 5.20251133706041 5.95150895944625
5.56544542143214 3.54568719671131 5.11277262704897 5.06897009607889
5.43533231575124 6.72591638078402 5.11169863399084 5.7101659905786
3.42925966480521 5.20100526174119 5.24527587590212 4.05867735769265
5.5732895403355 3.32801344185164 3.86787697500344 4.95616291294002
7.29350361654114 4.63931874894057 3.25915161586082 3.48296538247244
3.1230003970494 5.28593685063377 3.59907857536544 4.46829110031818
4.76727695220515 5.02893826280752 3.37768824922999 5.89488500885511
5.88123204699786 4.84100471639484 6.68788305114197 5.6556483195102
5.21105089131877 4.93468323096614 5.54773728061329 4.12591313207126
5.10614768216417 2.24450074223534 5.53242515310052 6.32168384834391
5.57260124714313 5.32912657552806 6.56249450684814 5.527161359003
5.31397421171626 5.04380023119786 6.49708118445646 5.06448571223757
6.75427647458709 5.34923068820252 6.23756098523958 3.98075980283111
3.67041641679474 4.28579203398042 4.73183483267772 3.73062575985785
3.56329297533903 5.39550820049488 5.08362631962652 6.40430467777931
5.26009378854813 3.63829174545433 5.84626039500824 5.3599474238563
4.22168328469927 6.40600819860307 4.73898752325042 4.25920742730777
5.54402179798845 7.32645878360348 5.57204466576973 5.35161749706856
6.77822495656868 4.42159099407076 6.18562158986248 6.28658275824451
5.35867914226329 5.08482065033948 4.84687232890768 5.25396396259246
6.47086138471883 3.87064412372569 6.73573422783839 5.26016449675714
4.86589478699187 4.20861336971313 4.13620571390873 3.6658886518702
4.02007990793246 3.99681670130215 5.72980322224694 5.96001706069141
5.23963853215341 4.66531721960117 4.40567316087849 3.91850214667733
4.21080050356389 5.3083024158206 5.40643149822126 5.90784704187683
5.35199610593813 4.940695516766 5.70959235680231 2.7654041819077
4.0740551656472 3.51904580011972 6.00054613452855 5.58850003699007
5.46965774569798 5.07466394209741 3.59229369428119 5.09461910204216
5.26505074434059 4.36269982893459 5.32581519666403 4.54976090638065
4.54063461065396 4.19577190772204 4.94130554068351 4.44345121902574
4.35800564785255 7.00014136336257 4.41230487750611 5.15480721878919
4.13084853600858 4.42519256051693 7.56312675885726 3.0916760410804
4.70069711528558 4.59862842942513 4.31974940666475 5.84084988595876
5.54484404091054 5.60139015036234 5.17583673040951 9.01383517517756
4.05151455500374 5.18690458856725 3.46134273776737 3.70314228061777
5.50989889849705 5.86771442498993 2.90189711553273 5.92773857372945
5.14015270100299 3.31776910280879 5.86339377967497 4.31860447733307
5.75137757186144 4.07666204977859 5.26508887413589 3.73078455915453
6.21504064633857 3.95332152944479 5.48964412995557 5.41424591788806
4.68708362892531 6.24462855331324 5.69110120274898 4.75707705870008
6.5914333668777 5.78412742396286 6.24340378065355 5.44198106093117
4.76850049809447 5.47885730930521 7.44753130419116 3.5316421107872
6.44605731395823 3.92692512750456 5.50842954501405 3.60812824393509
4.90844782784249 3.2317554745043 3.94508667081054 5.77978363015336
6.57081106880413 5.77440790884851 3.94897077524243 6.11123314771538
5.20332863659929 4.6079778934786 5.03917766156432 6.03213111955242
4.67587043927841 4.78939524810539 4.61872240616089 6.15342318433961
4.33707224270269 5.62085734590967 4.80041555275452 5.20315175920531
5.62139840524622 5.30281774111063 4.59083802560326 6.01879547585252
4.67957287648942 4.44140224652775 6.47421053814261 4.97972724707443
5.36360688076665 4.83006985817234 4.27483739275493 5.80682171355182
3.75952278877765 6.2942279095558 3.68105437626293 4.97640356726568
7.16081326792636 5.39004508276239 4.77223451185429 4.80553393240939
6.1816360898965 4.41255821281037 4.23422219444913 5.31209229054704
4.37532431704586 5.12724620339716 4.48432152693114 4.49907361020542
5.40852621050007 6.8142353303349 3.62588637864676 5.58452316266958
4.69430653836176 2.12876570667826 5.39681737152955 6.07202716159638
5.45770404325003 5.88471676546735 6.39437427113006 4.17029438562299
5.96856270249546 4.63513582027297 5.51143835253793 5.73880126307778
4.66524178628611 2.96181914067239 4.97838646712 3.72196116783219
3.77349091767424 5.77863361928019 4.20273953344247 4.35146910968059
3.1868609471461 4.69368027423852 5.09300674547783 3.89197822089918
5.64692963607156 3.99833260462249 6.05702608682362 6.00909177353171
3.47405121438771 4.83313280049324 5.14344708307994 6.9441432180773
4.5640482741335 4.21984878461286 4.58066241867569 5.90638157357647
4.47921044845117 2.91573543681662 4.2882412219846 4.7877689106126
4.56804363618335 5.51024166392106 5.63914331984242 4.54952503214693
5.12940845666163 5.93147184487302 4.84571653190471 4.50417480979608
5.35304528344001 4.33582047984068 3.87995195873861 4.53630884032062
3.82981587195466 5.8388706534569 4.21595756576086 3.82968556772729
7.45560701858099 5.61358634929724 5.5645678387282 4.20650654713307
3.98277014475191 6.12613247089842 4.09995519433118 3.94491766182563
4.37423039734341 6.23174248900071 4.42073339860567 5.67253682419293
3.61526396316897 7.31933468994227 4.3100593307054 6.0685799593169
4.9605012418028 3.4115760440484 4.18893662164327 5.55210260063977
4.34411766766019 5.53190428302052 6.42861268278011 4.4560443091259
3.50529977392193 3.25717214083179 5.8071525803901 5.89820294334303
4.12908496422605 5.17056979899924 5.12089939351279 3.50787135696351
6.40498605492865 4.8291917661684 6.38918292468063 3.96204460049812
4.51166006865194 2.98230636610792 5.53239633335625 5.21468403449651
3.4071655468445 3.99602119888191 5.44855218061684 4.6562399413812
5.54594988812063 5.12622836367141 4.62757327938421 5.46822564944075
5.21794686441457 4.74479589860397 5.95565536965944 7.12112108240644
7.23898004088315 3.83944325972656 4.51966833993433 4.72437899031162
3.24414960686287 4.59546701083492 5.49280665739342 5.12565682831952
4.35330357439086 5.26884172297984 4.93339886595063 5.61862745467297
4.57763100965693 4.79809172393685 6.01492080123386 4.61668283277287
4.38240736945882 5.56101018393084 5.04950023979652 6.01217899289434
6.71479848623355 5.58441832933927 3.52174682654986 4.42732961433754
4.04024526018325 4.59453301511931 4.9102771994182 5.30130835327733
5.71206829273361 4.764873919446 2.82947712035442 3.85553241849152
4.68059964402164 4.40651336402423 3.97991495275804 2.51928680559441
5.58811997997888 5.84662844370449 6.71969615325932 5.62649818277946
6.51314364425798 3.08453504885347 6.98010004931741 3.56936137880638
5.35266217226327 3.80983814759942 4.98861119324179 4.3381254191489
5.92952666864519 5.53334339013459 5.47811016982596 5.33478328583733
5.24898842020271 5.32542536404624 4.30652739267678 4.71097589718346
4.74285504308532 4.80778596848601 6.01072963087018 5.34598626301746
5.20677912260579 5.36235104765581 4.0276308109587 4.33298686364489
5.6481611624972 5.82108698181794 5.70268389727754 5.3788867836585
3.97673852395872 4.56541937297488 4.90118518491102 6.90957466359109
5.58073069371492 4.44504788821092 6.3155946148183 3.6888041514947
5.22294684025073 3.20883459595749 4.38619453764473 4.50109673311384
4.79120807146061 6.52031893788315 5.99034925024372 4.41275390923401
5.17285846663071 6.21569296558894 5.4848882428757 5.7717680584221
5.76065853503191 5.23542816275081 5.88199928559773 5.51879350957986
2.60064399997786 6.05812404911199 5.97281331614697 1.67696104830925
5.42738711295498 5.64897554730905 5.32307898515533 4.4824151708065
4.5299827563674 4.76193479315653 5.48230680474782 4.86024320279283
3.73278396903873 4.90501229466876 3.70820680312871 4.85759700070568
5.12316050664257 4.12677485902025 5.47514334170678 3.83934412923911
4.8176928594072 5.2752813705728 5.43406931358659 5.34159337083466
6.5092947797344 4.97643299705224 3.30223864878241 3.66752263329074
4.53683478264369 4.9124207185919 3.85001185622682 5.96073352254233
5.38317976604674 4.85560740576663 3.88573977001119 5.46392537227688
